47659 78183	78183 2653710854
16584 18040	18040 2654205130
28998 63409	63409 2654438569
6153 82295	82295 2653724500
18225 96930	96930 2653929435
87601 91645	91645 2653941882
7490 40980	40980 2654085683
43261 72572	72572 2653544363
82429 22886	22886 2654180049
40498 77932	77932 2653707320
75860 37003	37003 2654094792
61417 43515	43515 2654178356
75517 14562	14562 2654297753
28475 14540	14540 2654250014
88691 51599	51599 2654346595
34836 50683	50683 2654261119
29244 86912	86912 2653832029
45152 89597	89597 2653799017
75323 16164	16164 2654305827
14254 33596	33596 2655000014
42658 48802	48802 2654236972
86108 90419	90419 2653959221
88789 67074	67074 2653511660
62774 61616	61616 2654498110
24555 90170	90170 2653900953
99685 53115	53115 2654350980
65026 37238	37238 2654079910
3722 42080	42080 2654101028
4044 94151	94151 2653935930
56919 86300	86300 2653870920
29271 16755	16755 2654220654
78241 68718	68718 2653521061
37439 38516	38516 2654075165
26836 57382	57382 2654383254
95431 41811	41811 2654187789
48120 86214	86214 2653861873
60445 10693	10693 2654339389
63875 95166	95166 2653980049
52801 60344	60344 2654439145
33576 98631	98631 2652980130
15356 37845	37845 2654048604
35874 3729	3729 2654469932
5122 59597	59597 2654405202
24666 54343	54343 2654305260
64656 9292	9292 2654387543
17421 473	473 2654442457
5060 57269	57269 2654361643
9959 53581	53581 2654303491
66435 31763	31763 2654022979
84803 19619	19619 2654231824
74520 90485	90485 2653948237
55266 85666	85666 2653740524
83634 30576	30576 2654067140
83734 85803	85803 2653775575
72493 70486	70486 2653603106
42898 47191	47191 2654227252
75082 43344	43344 2654193389
78024 49003	49003 2654277463
90192 79946	79946 2653717713
58729 95468	95468 2653979211
46176 62072	62072 2654474754
55943 55043	55043 2654344159
61306 85481	85481 2653746135
89880 35691	35691 2654077767
72045 33616	33616 2655057920
92406 51263	51263 2654355019
22643 11218	11218 2654325864
99652 87580	87580 2653884125
41439 28048	28048 2654061792
28858 18332	18332 2654214247
44556 95786	95786 2653968218
7408 6441	6441 2654351463
15651 93515	93515 2653838401
42541 88684	88684 2653816035
60980 395	395 2654494512
73250 32836	32836 2655062273
25955 68991	68991 2653465286
96342 59206	59206 2654436603
47890 74546	74546 2653646704
56636 34770	34770 2654041937
62755 83158	83158 2653798924
21615 84422	84422 2653722272
18829 84049	84049 2653730085
44691 5704	5704 2654445126
72821 67094	67094 2653496344
87095 56186	56186 2654423167
92846 15447	15447 2654326512
80208 61609	61609 2654515715
41439 23544	23544 2654120653
39249 4142	4142 2654417483
88337 95409	95409 2654001516
24231 21148	21148 2654165164
76271 16897	16897 2654253397
58914 84858	84858 2653765610
17580 4522	4522 2654390102
34796 61322	61322 2654409095
11932 85317	85317 2653711840
61480 69239	69239 2653514491
49783 1736	1736 2654513710
20228 98705	98705 2652967830
